    _G.Auto_Saber = value
    StopTween(_G.Auto_Saber)
spawn(function()
    while task.wait() do
        if _G.Auto_Saber and game.Players.LocalPlayer.Data.Level.Value >= 200 then
            pcall(function()
                if game:GetService("Workspace").Map.Jungle.Final.Part.Transparency == 0 then
                    if game:GetService("Workspace").Map.Jungle.QuestPlates.Door.Transparency == 0 then
                        if (CFrame.new(-1612.55884, 36.9774132, 148.719543, 0.37091279, 3.0717151e-09, -0.928667724, 3.97099491e-08, 1, 1.91679348e-08, 0.928667724, -4.39869794e-08, 0.37091279).Position - game.Players.LocalPlayer.Character.HumanoidRootPart.Position).Magnitude <= 100 then
                            ATween(game:GetService("Players").LocalPlayer.Character.HumanoidRootPart.CFrame)
                            wait(1)
                            game.Players.LocalPlayer.Character.HumanoidRootPart.CFrame = game:GetService("Workspace").Map.Jungle.QuestPlates.Plate1.Button.CFrame
                            wait(1)
                            game.Players.LocalPlayer.Character.HumanoidRootPart.CFrame = game:GetService("Workspace").Map.Jungle.QuestPlates.Plate2.Button.CFrame
                            wait(1)
                            game.Players.LocalPlayer.Character.HumanoidRootPart.CFrame = game:GetService("Workspace").Map.Jungle.QuestPlates.Plate3.Button.CFrame
                            wait(1)
                            game.Players.LocalPlayer.Character.HumanoidRootPart.CFrame = game:GetService("Workspace").Map.Jungle.QuestPlates.Plate4.Button.CFrame
                            wait(1)
                            game.Players.LocalPlayer.Character.HumanoidRootPart.CFrame = game:GetService("Workspace").Map.Jungle.QuestPlates.Plate5.Button.CFrame
                            wait(1)
                        else
                            ATween(CFrame.new(-1612.55884, 36.9774132, 148.719543, 0.37091279, 3.0717151e-09, -0.928667724, 3.97099491e-08, 1, 1.91679348e-08, 0.928667724, -4.39869794e-08, 0.37091279))
                        end
                    else
                        if game:GetService("Workspace").Map.Desert.Burn.Part.Transparency == 0 then
                            if game:GetService("Players").LocalPlayer.Backpack:FindFirstChild("Torch") or game.Players.LocalPlayer.Character:FindFirstChild("Torch") then
                                EquipWeapon("Torch")
                                ATween(CFrame.new(1114.61475, 5.04679728, 4350.22803, -0.648466587, -1.28799094e-09, 0.761243105, -5.70652914e-10, 1, 1.20584542e-09, -0.761243105, 3.47544882e-10, -0.648466587))
                              else
                              ATween(CFrame.new(-1610.00757, 11.5049858, 164.001587, 0.984807551, -0.167722285, -0.0449818149, 0.17364943, 0.951244235, 0.254912198, 3.42372805e-05, -0.258850515, 0.965917408))
                            end
                        else
                            if game:GetService("ReplicatedStorage").Remotes.CommF_:InvokeServer("ProQuestProgress","SickMan") ~= 0 then
                                game:GetService("ReplicatedStorage").Remotes.CommF_:InvokeServer("ProQuestProgress","GetCup")
                                wait(0.5)
                                EquipWeapon("Cup")
                                wait(0.5)
                                game:GetService("ReplicatedStorage").Remotes.CommF_:InvokeServer("ProQuestProgress","FillCup",game:GetService("Players").LocalPlayer.Character.Cup)
                                wait(0)
                                game:GetService("ReplicatedStorage").Remotes.CommF_:InvokeServer("ProQuestProgress","SickMan")
                            else
                                if game:GetService("ReplicatedStorage").Remotes.CommF_:InvokeServer("ProQuestProgress","RichSon") == nil then
                                    game:GetService("ReplicatedStorage").Remotes.CommF_:InvokeServer("ProQuestProgress","RichSon")
                                elseif game:GetService("ReplicatedStorage").Remotes.CommF_:InvokeServer("ProQuestProgress","RichSon") == 0 then
                                if game:GetService("Workspace").Enemies:FindFirstChild("Mob Leader") or game:GetService("ReplicatedStorage"):FindFirstChild("Mob Leader") then
                                    ATween(CFrame.new(-2967.59521, -4.91089821, 5328.70703, 0.342208564, -0.0227849055, 0.939347804, 0.0251603816, 0.999569714, 0.0150796166, -0.939287126, 0.0184739735, 0.342634559)) 
                                        for i,v in pairs(game:GetService("Workspace").Enemies:GetChildren()) do
                                            if v.Name == "Mob Leader" then
                                               if game:GetService("Workspace").Enemies:FindFirstChild("Mob Leader [Lv. 120] [Boss]") then
                                                if v:FindFirstChild("Humanoid") and v:FindFirstChild("HumanoidRootPart") and v.Humanoid.Health > 0 then
                                                    repeat task.wait()
                                                    AutoHaki()
                                                    EquipWeapon(_G.SelectWeapon)
                                                    v.HumanoidRootPart.CanCollide = false
                                                    v.Humanoid.WalkSpeed = 0
                                                    v.HumanoidRootPart.Size = Vector3.new(80,80,80)                             
                                                    ATween(v.HumanoidRootPart.CFrame * Pos)
                                                    game:GetService("VirtualUser"):CaptureController()
                                                    game:GetService("VirtualUser"):Button1Down(Vector2.new(1280,672))
                                                    sethiddenproperty(game:GetService("Players").LocalPlayer,"SimulationRadius",math.huge)
                                                    until v.Humanoid.Health <= 0 or not _G.Auto_Saber
                                                 end
                                            end
                                            if game:GetService("ReplicatedStorage"):FindFirstChild("Mob Leader") then
                                                ATween(game:GetService("ReplicatedStorage"):FindFirstChild("Mob Leader").HumanoidRootPart.CFrame * Farm_Mode)
                                            end
                                        end
                                    end
                                 end
                                elseif game:GetService("ReplicatedStorage").Remotes.CommF_:InvokeServer("ProQuestProgress","RichSon") == 1 then
                                    game:GetService("ReplicatedStorage").Remotes.CommF_:InvokeServer("ProQuestProgress","RichSon")
                                    wait(0.5)
                                    EquipWeapon("Relic")
                                    wait(0.5)
                                    ATween(CFrame.new(-1404.91504, 29.9773273, 3.80598116, 0.876514494, 5.66906877e-09, 0.481375456, 2.53851997e-08, 1, -5.79995607e-08, -0.481375456, 6.30572643e-08, 0.876514494))
                                end
                            end
                        end
                    end
                else
                    if game:GetService("Workspace").Enemies:FindFirstChild("Saber Expert") or game:GetService("ReplicatedStorage"):FindFirstChild("Saber Expert") then
                        for i,v in pairs(game:GetService("Workspace").Enemies:GetChildren()) do
                            if v:FindFirstChild("Humanoid") and v:FindFirstChild("HumanoidRootPart") and v.Humanoid.Health > 0 then
                                if v.Name == "Saber Expert" then
                                    repeat task.wait()
                                        EquipWeapon(_G.SelectWeapon)
                                        ATween(v.HumanoidRootPart.CFrame * Pos)
                                        v.HumanoidRootPart.Size = Vector3.new(60, 60, 60)
                                        v.HumanoidRootPart.Transparency = 1
                                        v.Humanoid.JumpPower = 0
                                        v.Humanoid.WalkSpeed = 0
                                        v.HumanoidRootPart.CanCollide = false
                                        --v.Humanoid:ChangeState(11)
                                        --v.Humanoid:ChangeState(14)
                                        FarmPos = v.HumanoidRootPart.CFrame
                                        MonFarm = v.Name
                                        game:GetService'VirtualUser':CaptureController()
                                        game:GetService'VirtualUser':Button1Down(Vector2.new(1280, 672),workspace.CurrentCamera.CFrame)
                                    until v.Humanoid.Health <= 0 or not _G.Auto_Saber
                                    if v.Humanoid.Health <= 0 then
                                        game:GetService("ReplicatedStorage").Remotes.CommF_:InvokeServer("ProQuestProgress","PlaceRelic")
                                    end
                                end
                            end
                        end
                    end
                end
            end)
        end
    end
end)
